alpha_io a_wl_io bio_hum_cn b_wl_io dcatch_dlai_io dqcrit_io dz0v_dh_io f0_io fd_io g_area_io g_root_io g_wood_io gs_nvg_io hw_sw_io kaps_roth knl_io lai_max_io lai_min_io lma_io n_inorg_turnover nmass_io nr_io retran_l_io retran_r_io r_grow_io rootd_ft_io sigl_io sorp tleaf_of_io tlow_io tupp_io l_vg_soil
1.431633003 1.310778267 1.640114023 1.399253659 1.166987467 1.056171483 2.095368012 0.876150389 1.121332423 0.898269042 1.228635315 1.586720792 1.230998175 1.429920888 1.479980945 1.790966115 0.965191601 1.410474284 1.439180499 5.484367748 1.570191329 1.300219780 0.991814462 2.613749574 0.942386765 1.695646402 1.173316491 1.380922965 0.970614158 0.984430544 1.047708233 0.405696396
0.975386676 1.073014923 1.317932151 1.584172540 1.586843979 1.239992290 2.371009352 0.964073370 0.988910760 1.744726802 1.185996901 0.936915309 1.273258721 0.854110164 1.455997313 2.316568674 0.931403104 1.502158048 1.150348259 3.475183570 1.307457238 0.929433987 1.152420872 2.792626199 1.271866440 1.178362094 0.876069944 1.068613619 0.995178326 1.025157376 0.833815506 0.390911822
1.025651060 1.343492116 1.438429467 1.056704316 1.196163237 1.615785633 2.133547751 0.927458175 1.038681738 0.720674143 1.280570984 1.356321210 1.370711732 1.000289685 1.891854321 1.553004793 1.005335156 0.905094200 1.328389933 5.940523702 1.654179744 1.639790268 1.420550854 2.979700530 1.459704539 1.503820270 1.633632902 1.159165925 1.033244466 0.965050430 0.922643890 0.624316465
0.822981705 1.252524943 1.315593265 1.503322254 1.071045811 0.997143793 2.044573839 0.965536434 0.951143550 0.843088794 1.395282052 1.235598769 0.999491857 1.013080597 1.173974692 1.941840004 0.724083548 1.054544523 1.215904879 3.006164028 1.362227459 1.430878860 0.880419655 3.326681230 0.596695915 1.338532781 1.497975031 1.074788449 1.047116714 1.004863510 0.950034721 0.253267167
0.905375120 1.813324133 1.253609983 1.563709316 1.057699286 1.447479800 0.510449281 0.857619421 1.110709976 1.605195047 1.835908224 0.742985836 1.438524807 1.284140911 1.609810437 1.696948892 0.951491113 2.422723398 1.355975524 3.503311135 1.490120358 1.477015571 1.416320878 1.506886934 1.471775608 1.607736037 1.217808534 0.944672624 1.016111615 0.996521298 0.807329515 0.722292730
1.379624870 0.748712754 1.433664425 1.341426087 0.920846236 1.885410209 1.864587863 0.945833116 0.922215435 1.455393893 1.120646602 1.522926657 1.496416823 1.182225756 1.385594506 1.587787765 1.038450302 1.151993075 1.363408512 6.086030859 1.172125420 0.964728338 1.025296236 2.675021196 1.222294546 1.803310349 1.024049196 1.025471697 1.081093135 1.029332934 0.968395391 0.554657319
1.528196162 1.734801048 1.391402678 1.369186024 1.226646532 1.890454793 1.052328454 0.881398870 1.436180500 1.324902497 1.707327244 1.699379540 1.325439693 0.133185447 1.369498382 1.710303609 1.089596959 1.221712217 1.304481068 3.383810350 0.984621346 1.450775826 1.273902413 4.083556311 1.688596855 2.225849186 0.891387588 0.647911286 0.965701462 0.985684799 0.872397776 0.571416738
1.375013657 0.884775172 1.066928511 1.643787004 1.490860800 1.177888285 1.095647748 0.925537540 1.691808212 0.922058210 1.934194609 1.572373163 1.061152506 1.834246708 1.628452885 1.288353474 0.865278888 1.124990071 0.994391082 5.881239767 1.038557084 1.138950018 0.872414706 1.608906791 1.313147003 1.775192861 1.477334204 0.216430639 1.035550696 1.031848241 1.064654583 0.440221425
1.456402600 1.459260787 1.716151075 1.677183879 1.248132401 1.304993607 1.340135915 1.025529443 1.408406501 0.856984319 0.631988080 0.590833109 1.520135475 1.578555268 1.127641397 0.908123433 1.178966900 1.969009203 1.410759251 5.730478455 0.538545421 1.161544296 0.766470063 4.125029907 1.566501350 1.445105532 1.277740999 1.288902116 0.990139838 1.014970499 0.856203159 0.491271516
1.492467128 1.325929045 1.461783902 1.003258805 1.367386481 0.793493977 0.829353147 0.993015694 1.664355676 1.527830653 2.071554258 1.989301929 1.531168612 1.059940450 1.242842616 1.322834695 0.978570335 1.612216587 1.159118431 8.336485349 0.941519701 1.135995959 1.032990743 2.449399134 1.204048491 2.276944177 1.027881506 1.553801436 0.983835897 1.028982926 1.051939362 0.470426766
1.158597703 1.032588541 1.448297367 1.081698869 1.282590627 1.292007741 1.584212278 1.020059043 1.444983671 1.448927256 1.116040232 1.714674990 1.827439445 0.761335818 0.957275369 1.605913771 0.917067320 0.408923392 1.230856810 3.069530482 1.666507169 1.017758263 1.594532769 1.498442669 0.889815573 1.236447454 1.858282324 0.800415793 0.996345185 0.948838272 0.946854676 0.849561867
1.355633461 1.465825571 1.240664884 1.291102856 1.272046769 1.122902285 1.749141803 0.791189646 1.128258283 1.202017469 0.984554839 0.494778554 1.769413648 0.283878565 1.722144550 1.999677089 0.834983645 0.832122581 1.463036021 5.222206487 1.030915228 1.597544337 0.692345566 3.213960269 1.347515958 0.741524488 1.094565047 1.335512847 1.000620530 0.963074264 0.952831851 0.476277949
1.233949653 0.953969745 1.454133208 1.456303103 1.089768014 0.615784566 2.078763577 0.843501279 0.804459211 1.042105467 1.831099099 2.013965363 1.565944316 1.815994680 1.343122977 1.390230005 1.015628297 1.482609802 1.288476583 9.213227237 1.837458673 1.096159374 1.441041532 3.034242081 1.537136728 0.565927541 0.989723258 0.524975958 1.051406137 0.992922611 0.805504799 0.053577344
1.242830506 1.060384111 1.265944019 1.611802055 1.188046320 1.265584261 1.804126295 0.960485618 1.175595022 1.553710801 1.428653249 1.210393496 0.993710708 0.936087288 1.149968257 1.460784578 0.962589394 2.362497679 1.791777587 5.385214042 1.023431668 1.330514423 1.743604239 0.934591483 1.139017884 0.888374990 1.850608400 1.745911359 0.915722409 0.983686993 0.719058355 0.669355826
1.750569134 1.650596764 1.130568882 1.276803313 1.112447634 1.534613953 2.903703561 0.955780055 0.974775066 1.403213778 1.506438524 1.810912395 1.639670823 1.616562386 0.685779323 1.496265347 1.011323452 2.544346657 1.038704995 5.426506894 1.123598008 0.832623626 0.901373429 0.597468418 1.005520880 0.511157100 1.355911387 1.619426500 1.002547886 1.063903636 0.975834618 0.617905169
0.951398774 1.388964640 1.358418402 1.256266058 1.765412423 0.864518406 2.698093618 1.088724475 0.794134639 1.600303663 0.868297499 1.293427074 1.574077190 0.780160003 1.268270862 1.338784090 0.686015013 1.644092701 0.834905348 4.935905602 0.890752986 1.200283222 0.954758756 2.069703634 1.521688858 1.576109876 1.184854776 0.613554748 1.060932691 1.009603630 0.940489705 0.758339871
1.898730084 1.219138714 0.879461290 1.271093619 1.253421189 0.710045820 0.873186429 0.766281589 0.915907857 1.625935583 2.709613139 1.262874950 1.137542970 1.505045878 1.111610906 0.920228294 1.046512048 1.840052870 1.311558092 7.027223566 1.675452173 1.089724814 1.323308480 4.373171395 1.045112792 2.106893747 1.531074013 1.208092759 0.985162630 0.977541287 0.958672219 0.174104297
1.485022694 0.768680276 0.832623575 0.971686090 1.299682741 1.649478623 1.700529225 0.924364108 1.576993488 1.808086850 2.686626322 0.608858721 1.069041699 0.816150658 1.710281734 1.674426194 1.152953574 1.459867819 1.542688682 7.318076167 0.692736177 0.545519348 1.006485107 0.985532402 0.964106453 1.107769751 1.407121920 0.316431405 0.964641820 1.082412448 1.056818554 0.664638995
0.786898901 1.115740415 1.552315416 1.313384355 0.919307164 0.601165406 1.927653178 0.880020620 1.241868241 1.659469604 1.163244315 1.325157871 1.156223097 1.565872135 1.679445490 1.001715695 0.911111208 0.951055073 1.487807786 1.844383209 1.341858273 1.413280641 0.545449991 2.369166449 1.801175423 0.457305525 1.141385905 0.813616588 0.940952498 1.066632245 0.913057801 0.693093552
1.903680837 1.277413443 1.867230966 1.494408359 0.880039845 1.772523189 0.928994731 0.913705512 1.215875925 1.054563126 1.169729205 0.229624348 0.774308517 1.079428291 1.278254586 1.898561670 0.950001830 0.687834041 0.914525024 6.482037587 0.765617984 1.369359056 0.614814907 2.215446110 1.023699731 0.954890279 0.504302771 0.231459421 1.032984429 1.085181258 0.897511665 0.873315596
1.683974621 1.226522705 1.204761535 1.793455797 0.814037543 1.080270742 0.006228834 0.952497196 1.309528818 0.827493503 2.133811934 1.903398492 1.180781084 0.428554008 1.241635721 1.073704458 1.033244930 1.821810915 1.204413075 8.540127099 1.325098987 1.910294656 0.679533745 2.933347922 1.557087948 0.346463848 1.311269697 0.975406334 0.992971854 1.077847677 0.849354564 0.680060840
1.475078606 1.368006812 0.734340691 1.690733989 1.571063871 1.693909059 2.276246627 1.043515099 1.518950319 1.411559648 2.672380472 0.650604822 0.612478718 0.535934434 0.983921977 1.255012182 0.593643723 2.175415616 0.936495477 5.516454424 1.539608308 1.514630345 1.516522454 2.272765757 1.253227716 1.762820816 1.319175497 1.880241484 1.031786094 0.945007913 0.928030583 0.094685841
0.729956114 1.025610555 0.964103651 1.395737765 1.206766131 1.436639971 1.007742613 0.950346620 1.624871825 1.212673673 2.808211576 1.025687975 1.465676787 1.322839523 0.729810217 1.366434958 0.735636438 1.347063902 1.688017507 3.994353535 1.487076982 1.379858646 0.416662091 0.408180703 1.326209413 2.263929960 0.972259708 1.340338769 1.008476346 1.056014579 0.835392737 0.356542538
1.394470318 1.024788310 0.587416880 1.533070088 0.509430080 1.146611744 2.529725517 0.929860405 1.565300420 1.416023919 0.307174729 0.424020222 1.667887228 1.222254619 0.801931111 1.624736911 0.810462243 2.549897598 1.278646717 2.938330975 1.616982418 1.677729551 1.109314154 1.904715214 1.896705633 1.665303749 1.345791061 1.242687063 1.018013314 0.982760848 0.992638107 0.395106922
1.125607577 1.246673075 1.225816820 1.006710340 0.909612994 1.607060812 1.018245155 0.885174293 0.889699612 0.771018645 1.576016829 1.248336782 1.264038002 1.771030898 1.700689854 1.164740314 0.665755524 1.918511697 0.997713319 5.312376616 1.454056170 1.466896103 1.215654517 4.043890270 0.777285085 1.738331194 0.852393764 1.165242170 0.979089778 1.079528455 0.942582903 0.430568797
1.416317010 1.013177710 1.668271351 0.692703351 1.434067879 1.364994736 1.714985318 0.828843594 1.749252633 1.172775035 0.293036275 1.710166400 1.766353668 1.467899249 1.505200671 2.229369803 1.320130852 2.498096941 1.378183029 4.529295654 0.533573105 1.121404863 0.556660147 1.174209416 1.117233460 2.016883692 0.936729894 0.727813429 0.938246226 0.995109188 0.784747981 0.339261009
0.658976465 1.372643616 1.018223210 1.195466595 1.486625599 0.709240115 1.074078974 0.845776201 1.158102436 1.722376858 2.731724337 0.895452176 1.710744095 0.389465616 1.218223160 1.982077962 1.348848832 2.969465654 1.555347624 4.038845225 1.474776280 1.970721858 0.720328592 1.772252911 1.766333188 0.546381454 1.376507479 1.182084820 0.921234727 1.036667127 0.776965027 0.697458086
1.194060169 1.541408030 1.162217196 1.426489369 1.422827632 1.517827500 2.308807457 1.041352058 1.397620733 1.308786990 1.658984612 2.256026020 1.499495733 0.847167545 1.657397183 1.159262655 0.625924691 2.872082073 1.696085555 1.230300949 1.324873545 1.692699150 1.528460092 0.901310864 1.885808149 0.664884593 0.826720340 0.688801078 0.994078581 1.096868403 0.837579774 0.458414962
0.818593686 1.378662823 0.622780757 1.516635880 1.544327787 1.208601915 3.157686435 0.891438692 0.905902360 1.586363809 2.179694219 1.431317542 1.517247347 1.735843984 0.888770723 2.208648314 0.827732528 1.269447705 0.923873630 2.067510856 1.803242579 0.746276231 1.396589734 3.639602348 1.275264963 1.395798382 1.035244518 1.367821796 0.945867875 1.030845192 0.760743032 0.529273272
0.916999290 0.964160051 1.524160390 1.052161009 1.759342390 1.645165381 2.348438162 1.001857312 0.831957439 0.627680113 1.087124098 1.407923154 1.412135827 0.320066151 1.227394814 1.083438494 1.133392784 0.860173382 1.724144776 4.777947251 0.701934529 0.792502244 0.629761698 2.767389790 0.827355523 0.775607857 1.605373711 1.454802343 0.963508286 0.986331756 0.761397612 0.538002387
0.688206374 1.471560107 1.744114357 1.742963348 0.575297394 1.560773459 1.517967252 0.897575257 1.248440312 1.892670133 1.375053773 0.952177266 0.817170384 0.829807414 0.940246292 0.942172357 0.694811055 2.151849360 1.574174550 7.957726198 1.412374373 1.647614210 0.299085458 4.379443161 1.385541408 0.799644812 1.078783217 1.403468925 0.974471661 0.930127123 0.893769044 0.316522019
0.947184940 1.897108897 1.780510614 1.607662056 1.337592857 0.753381381 2.207879546 0.904708151 1.224707593 1.335790720 0.502169465 0.468320772 1.917815744 0.806507955 1.298733918 1.665199203 0.698075947 1.890982876 1.605984076 7.356536703 0.803354691 1.058090843 1.562083234 3.719028249 1.576512631 1.141110994 1.595548513 0.201679968 0.927645552 1.011043135 1.073631354 0.643902028
1.316762717 1.403724952 1.562074903 0.673752305 0.596769757 0.688455976 1.030947824 0.989192242 1.537548718 1.423814368 1.782674894 0.982535872 0.891369077 1.557601054 0.947141354 2.447910878 1.090136795 0.634641203 1.523712704 5.755183547 1.192570697 1.255386438 0.579451402 1.027570163 0.837107485 0.978508560 1.339654872 1.852260387 0.998169734 1.026380188 0.938022423 0.778636312
1.065912457 1.631842751 1.611475700 0.922947861 0.634978938 0.904564249 2.107215155 1.050838541 1.050741074 1.086364116 0.588861206 1.729754191 1.293176371 0.974802845 1.768269507 2.082551705 1.265177266 2.269452903 1.500036311 7.084063882 1.523977569 1.350320919 0.507594823 2.665524407 1.805158550 0.586904505 1.705904925 0.786208583 1.064899612 0.972493189 0.769325612 0.597113440
1.467832909 0.873382731 1.079824629 1.916344683 1.995452613 1.072821679 2.754292965 0.908767867 1.907208582 1.886487442 0.711952264 2.148607548 0.902297519 1.412108145 1.259688875 1.430347000 1.108276812 1.946583033 1.350694655 6.371219151 1.475845206 1.307074417 0.817147320 3.292216291 0.915394309 1.894556976 0.809217378 0.960767291 0.950051593 0.954429188 1.052674151 0.854013986
1.216792647 1.173323181 0.768020876 1.119178926 1.588834402 0.942870747 1.816611029 0.887104689 0.663737348 1.283724948 0.805252964 0.356875389 1.197678026 0.418810622 1.849655047 1.296612675 1.384563400 1.742914958 1.822145816 5.957186150 1.396292296 0.954967165 1.305112841 2.850270855 1.953726240 2.616105646 1.582692025 1.797485944 1.010036432 0.966916832 1.118463657 0.783200224
1.508382551 0.679407873 1.054001338 0.865312774 1.105544810 1.031885743 0.655695946 0.757853053 0.825593044 0.689509746 2.151950804 1.081772298 0.843681141 0.913739367 0.783798243 0.833343170 0.896089213 2.137680274 0.981704060 6.815882754 1.061393747 0.691881092 0.325225270 4.435838368 1.374876512 1.708933947 0.840290653 0.497762335 1.004988258 0.994963519 1.082556969 0.794667496
1.498309150 0.684030821 1.756750711 1.551111306 1.414115210 1.379543243 1.362067375 0.812564972 1.721466809 1.865016083 3.078001422 1.506587901 0.977258135 0.659562031 1.314573065 2.254796428 1.025393001 1.532274278 1.250362428 3.915003206 0.775742397 1.780557424 1.111193953 0.856729983 1.615842450 1.172774004 1.389468860 1.585505054 1.005615579 0.961046654 1.104962609 0.561182809
1.613687794 1.516574372 1.713391967 1.357501718 1.312846370 1.510860534 1.874840233 1.082563273 0.617240287 1.470641972 1.931166833 1.753077340 1.481993417 1.934795342 1.676454665 1.121046550 0.955991441 1.113695020 0.840017802 7.502244945 0.977568976 1.923949964 1.894506704 3.916767613 1.512698605 1.425995813 1.552441921 0.932296765 1.073041245 0.940118790 0.923921683 0.575134967
1.301945760 1.334777628 1.101750134 1.733953214 1.238308462 1.741576392 1.945576961 1.030992790 1.642996305 1.142560726 2.340457591 0.683634235 1.416996549 1.177041279 0.854299691 2.038100764 1.353527864 2.074618836 1.883052097 3.818678021 0.897780549 1.287426281 1.553993744 1.812278519 1.087953570 1.548920785 1.247247348 1.035002495 1.076928450 1.027000401 0.910861124 0.976024574
0.971780796 0.974949904 1.619838688 1.106910021 1.094909873 1.995049280 1.300985308 0.805526176 1.072367197 1.823937383 1.972973659 0.765563532 1.817388084 0.522139923 1.140229295 1.268832539 1.038598189 0.984788833 1.660683552 0.404435831 1.225366121 1.950467017 0.934547341 4.750306350 0.718135553 1.191877159 1.261841544 0.161567270 1.037013746 1.019458124 0.966959286 0.876594281
1.082626308 1.755812328 1.485426884 1.773184202 1.782812469 1.400807803 0.913321624 0.819205534 0.902665461 0.642185140 3.037151442 0.168241934 1.745002393 1.167520078 0.774781455 1.458056803 0.762508606 2.594272541 1.453016775 7.222973726 1.686094387 0.941809399 0.276834836 1.554017952 1.054729970 0.107645085 0.986657776 1.533041844 0.960210426 1.003845854 0.980192267 0.190343583
1.135863610 1.600289820 1.332913181 1.738704179 1.715738131 1.342277797 2.126967341 1.103989845 0.895484897 0.785561295 2.457315417 1.977436000 0.701614477 0.554290530 1.785621769 2.462387298 1.074072833 1.294367186 0.878718730 1.975282479 1.165815562 1.873594049 1.648010009 1.549506365 1.106579312 1.242492828 0.873834680 1.390983282 0.951158664 1.071488812 1.061560920 0.131518085
1.815972572 1.192622413 1.181231816 1.164674540 1.524471320 0.641508003 0.903293593 0.918054011 1.210838487 0.623816512 3.215355201 1.775845772 0.863847773 0.160823616 1.740063513 1.034019936 0.567308251 1.229200233 0.864403486 8.699931645 1.246977000 1.524902860 1.369782598 0.071778386 0.993867787 1.630312357 1.420750933 1.498468058 0.931945085 1.061803468 0.816745904 0.258608195
1.755876903 1.228033529 1.217448984 1.134847245 1.890826047 1.831669629 2.220637795 0.798647322 1.786742700 1.520306773 2.254069683 1.143218101 0.767124954 0.703249607 1.622564405 2.009564597 0.530380699 2.807138587 0.760015987 1.919651783 1.583957552 1.490014438 1.827702888 2.319748868 1.011885826 1.531522081 0.707116293 1.134969520 0.919300660 1.091761045 0.902425684 0.242298396
1.250843391 1.414391206 0.950489934 1.415392197 1.467946873 1.316111281 2.669247905 1.027053604 0.857507515 1.905929698 1.079700688 2.106577655 0.801802510 1.949512141 1.132319486 1.063197011 0.926220353 0.928573790 1.915733159 6.247362301 1.592262629 1.111414492 1.370302125 0.731954707 0.736566149 1.298276895 1.965008104 0.655961032 0.999715685 0.938948215 0.935225757 0.420453686
1.094720701 1.148114252 1.627351303 1.469898518 1.454917146 0.782749514 3.011629865 1.049410331 1.024513587 1.983366050 2.446319976 1.956345907 1.016357001 0.463594184 1.035549716 1.408331539 1.206613567 2.355055648 0.818158637 2.048802233 1.093692749 0.632070381 1.678033252 2.540941784 0.851636009 0.063017708 1.134623199 0.151985172 0.918925491 1.000141660 0.709868204 0.673102267
1.101265384 1.863797801 1.124237990 0.931319655 1.875235830 1.245818933 2.807932708 0.821519098 0.875937967 1.571524048 2.733829481 2.206458794 1.563472885 0.272882197 1.177203336 1.936159376 1.301581035 1.511086442 1.735228425 2.444599042 1.738751758 1.605922337 1.055867906 1.149272579 1.137309522 2.379352054 1.378114170 0.748773359 0.959507459 0.969434836 1.040648347 0.688539119
0.770383350 1.348123980 1.170137237 1.316419269 1.850978598 0.718241110 0.175187482 0.962858889 1.524189135 0.878081328 0.573995270 1.260993139 1.347363268 0.576116728 1.932475884 0.626436701 0.792829136 1.686948756 1.184862856 5.197647718 1.092240169 0.544722460 1.940125757 1.247597394 0.972956785 0.800847332 0.858723495 0.865942157 0.971703884 0.917035919 0.988046864 0.231497238
0.991031906 1.722854197 1.195909818 0.858927035 0.792773369 0.889446382 2.779248523 0.944319011 1.603277672 0.508317725 1.348557449 0.842206941 1.991787125 1.379026553 1.907877046 0.896862810 1.058236074 1.374163276 0.871594801 5.080293057 1.215604480 1.870377230 1.922996550 3.151733586 1.072336269 0.076669177 1.489395793 1.804239836 1.059215898 0.991302446 0.861577828 0.614140466
0.870711726 1.259397947 1.424026926 0.946742664 0.867497351 1.195203155 0.436620012 1.015809715 1.233190181 1.330817610 2.119073059 0.410274677 0.851352685 1.623231907 1.643763407 0.880657276 0.657764471 2.385200079 1.031932703 1.126181505 1.296457946 0.965351653 1.631194706 4.689623641 1.961359140 1.291221926 1.684376575 0.592652596 1.023727958 0.939041919 0.754825308 0.297447482
1.688200343 1.617896206 1.782877536 1.952190832 1.130656294 0.930956239 0.381926909 0.837449094 1.647972190 1.094408760 2.539857107 2.011646726 0.674828959 0.256670808 1.121078130 0.780600352 0.584345546 1.657117127 0.730801858 4.655813092 1.903333821 0.822139922 0.405384558 3.490002949 0.965166529 1.923250704 1.523899193 0.244102314 1.042934598 0.923368729 1.060702270 0.353311525
0.567927339 1.703714453 0.864232455 1.154998316 0.847792554 1.870059074 2.598046372 0.984127854 1.585981803 1.228526983 1.415118648 2.030965830 1.544528181 1.826984218 0.554044414 0.842074829 1.115501984 1.863725031 1.670408714 0.064867307 1.291426597 0.917912171 0.988909548 3.988774704 1.364062913 1.054952354 1.907461366 0.276958438 0.980465261 1.040478329 0.930963806 0.153769904
0.859549456 0.799024938 0.784220657 1.436482368 1.203454950 1.218562457 0.557097361 0.777547156 1.972799304 0.517830126 0.796501182 1.547152445 1.643849321 1.107127215 1.530565926 1.743218811 0.524199727 0.736845803 1.626336836 4.228813775 1.079991557 0.811025062 1.227545848 1.992172389 1.232144230 0.864087959 1.367073468 0.901832941 1.084857416 1.046902052 0.869228826 0.601861520
1.562107011 0.610716214 1.939472339 1.573325029 1.077703054 1.137935486 2.625670524 0.971483630 1.795408574 1.863598153 0.887636683 1.323966925 1.017632499 1.968937952 1.830728156 2.356603064 1.053605011 0.695314010 0.971014958 4.739199906 1.508521835 1.187674023 0.591688185 3.358305484 1.785458012 0.347410619 0.974790557 1.258389463 0.913274316 0.934535320 0.919869010 0.466966945
1.412271409 0.922527121 1.143725422 1.886072257 0.867860573 0.909973615 1.061626317 0.906186033 1.284277794 1.063680767 1.492231881 1.630943018 0.968931224 0.733116082 0.824921923 1.659792906 1.270688918 0.849037754 1.827500783 7.677540052 1.627300842 0.806990464 0.736733913 2.727232249 1.488026251 1.565719954 1.970387438 1.674608335 0.978485916 0.924070590 0.857453312 0.137496460
1.336261133 0.968107622 1.279518406 1.384576832 0.563210832 1.423279613 2.457588376 0.826476184 1.199232502 1.513395955 3.242398333 1.126618818 1.794134319 1.923507218 1.304465309 1.203410982 1.333700391 1.704880503 1.236953941 2.160304363 1.996073563 1.222677999 1.382357120 3.240525897 0.814774809 0.282665481 1.808048004 0.554886770 1.061641872 0.988063828 0.713156592 0.451766403
0.654994091 0.707199332 1.931809688 0.608536738 1.385148244 1.582749878 0.052727352 0.864691166 1.374829494 0.653929735 0.369541214 1.191851960 0.503729599 0.959290372 1.878346268 2.217043237 0.869975824 1.794240908 0.524054234 4.320185827 1.805936529 1.808871108 0.784145191 1.866583464 1.426330619 2.359045157 1.772256967 0.333882692 0.928698248 0.941074589 0.729388176 0.378908378
1.240247882 1.359404196 0.694217992 0.721819737 1.343895023 0.974863683 0.538658300 0.752170078 1.095099905 1.939582056 1.562206278 0.712295303 1.147835884 0.517380047 0.701990728 1.417032346 1.105717519 1.466634089 1.134916976 4.363315841 1.641925885 1.171019707 0.666410465 2.294827267 1.177733867 0.145539299 1.181473293 0.733321886 1.039971004 1.075784813 0.984054831 0.144182364
1.112348296 1.580362770 0.937239860 1.425315316 0.772468850 1.329982227 1.561323056 0.888949068 1.447991142 1.506482354 3.290672276 1.602144854 1.473487440 0.943529541 0.924755314 1.215822065 1.417772214 2.033184269 1.598407696 1.526354699 1.961898940 1.558188061 1.952870218 3.414979589 1.916629034 2.235922706 0.804012984 1.922989425 0.976548263 0.949577034 0.847416201 0.313877105
1.324740316 0.893505077 1.030294340 0.731441998 0.985258032 0.679704814 0.841751482 0.835395699 1.709398358 1.949165114 3.254052884 1.345319666 1.081560360 1.251337597 1.856321950 0.858188323 0.902523584 1.439926520 1.060278795 1.360487234 1.000465078 0.725148511 0.451160629 1.302931055 0.557740169 0.878373246 1.800780525 1.879747619 0.991391533 0.914862151 0.943818145 0.178496810
1.017458431 1.492265542 0.658271529 1.806384346 0.997494346 0.767168921 1.404480657 0.795773979 1.551603385 0.864497622 2.657608209 0.780653722 1.863243666 0.402069713 1.566468798 1.647517179 1.177816181 2.284397564 0.546845671 3.159237883 1.943499538 1.418237898 0.922052970 1.095194001 1.972730600 2.144734217 1.434268768 0.184971057 1.070010259 1.038586714 0.947779017 0.121901241
1.635942629 1.970915590 0.990334609 1.295317014 0.604988258 1.546400824 0.392974299 0.748603822 1.031865358 0.913284055 0.832960824 0.388970244 1.954292771 1.542899172 0.895945535 1.974031972 0.908236971 0.797112747 1.850193010 3.671136914 1.606313173 1.102068959 0.647838330 2.882014571 1.164896993 2.185381407 1.451388567 0.566242748 0.962803034 0.989654426 0.822006138 0.503215507
1.777628282 0.910544011 1.506319099 1.094216508 0.530976142 1.877060673 0.855070816 0.801697631 1.461393542 1.545169407 1.902861850 0.800159804 1.213946508 1.454992559 1.234431039 2.050044822 1.237421178 0.973720260 1.129087544 1.737101337 0.513032657 0.702226934 0.365934503 0.524887066 1.661950640 1.509189111 1.833926702 0.263559179 1.054864955 1.045906621 0.871200189 0.828529749
1.788673887 1.297502534 1.790469121 1.817943173 1.842620009 0.805086490 1.460666128 0.902660489 0.707208093 1.703003170 3.104943259 1.448466634 1.555799549 1.111003794 1.910819774 1.447140791 0.919551334 1.333081942 1.011028735 5.802954858 1.600920067 1.145938632 0.791076057 4.249130393 0.564845599 0.476140595 1.507319325 1.265266273 1.040680288 1.012911324 1.107045040 0.482400906
0.843620713 1.892286764 1.404362370 1.033210079 0.752505718 1.862574665 2.235705042 0.893370351 1.003242974 1.576830077 0.641770921 0.538532143 1.169285280 1.035105198 0.585203835 0.990582388 0.971186195 2.978991684 0.950948174 1.292492025 1.428031942 1.643062358 1.964878209 0.198059601 1.039729805 1.041219648 1.230999691 0.896440504 0.946082490 1.062925693 0.831500331 0.513446840
1.040301994 1.131163584 0.713932819 1.099681350 1.421084713 0.760307582 0.212372693 1.098724659 1.185349064 1.061304333 2.846581813 0.758526297 0.885905403 1.124382131 1.104305475 1.542133301 0.873016679 1.424763085 0.796819186 3.311663206 0.853395358 1.082591275 1.711951354 0.324160338 1.098185104 1.128553748 1.914399559 1.222918413 1.083472134 1.067303017 0.973836674 0.532591556
1.557470608 1.765261824 0.683304205 0.786231947 1.649898412 1.187007102 2.931853903 1.007271819 1.484765302 1.297468708 2.929719446 2.486427124 1.378665087 1.291341630 1.667605603 2.154966641 0.615974943 1.924118106 1.344410948 4.570859901 1.136185744 1.852316578 0.968042095 0.833512855 1.548048740 0.485466064 1.041107649 0.468074108 1.079388702 0.962324221 1.130643594 0.129200890
0.961085135 1.078047538 1.369872440 1.895414870 1.401676612 0.954833514 0.227500123 0.833837080 1.365764391 1.081925648 2.333191342 1.850300720 1.427609267 0.668994946 0.542572071 2.347866669 0.670604034 2.434626234 1.045900929 7.139567895 0.928270484 1.731278069 0.390975032 2.467921417 1.505457565 2.663664374 1.890753909 0.116351889 1.020217243 0.904519273 0.997421672 0.914738251
1.073435255 1.265244826 1.981772233 1.173370326 0.945814617 1.090799029 2.845665319 1.010918619 1.315227978 1.036195929 2.582477844 1.945667735 0.881850113 0.635188033 1.152608600 2.198577833 1.294636479 2.568532490 0.738215973 0.679245028 1.435427755 1.743233844 0.346019189 4.789103193 1.237314471 2.003979552 1.980027997 1.715381298 1.021116093 1.073154097 0.909528070 0.226535613
1.618730664 0.813238986 1.246586556 1.327880675 1.360645242 1.749453332 2.709524725 0.977249559 1.420263130 0.805768477 1.211041333 1.456498733 1.881622629 1.202567680 1.520154757 0.651506679 0.792213259 0.962045680 1.779759952 8.203809852 1.271725461 1.999761479 0.475468762 3.426845920 1.701503836 0.935756031 1.993549333 0.711080824 1.029435642 1.041748413 0.886017632 0.168301695
0.904657665 1.124437477 1.536175321 1.218789089 1.714677851 1.286024295 2.003331641 1.080099290 0.712081164 1.931030320 0.165084742 0.158197587 1.317855917 0.775292139 0.580353347 1.489242827 1.225270345 1.284219605 1.877916526 1.409662677 1.189023026 1.344354991 0.017032782 3.847660303 1.858073839 0.677321620 1.412233283 0.426356786 0.947672816 0.978165219 0.972120177 0.509190577
1.934652326 1.633256027 0.980662146 1.558444768 1.328063922 1.765043589 1.204954767 0.939055560 0.643820793 1.011974290 0.450914694 0.622996024 1.210800770 1.345631255 1.196367810 1.511645656 0.999241035 2.103813792 0.677261756 8.556649545 1.387133247 1.046333756 0.183797120 0.890584629 1.820142227 2.557452969 1.145696223 1.477968655 0.949284640 1.023713451 1.112240809 0.659105211
0.521306763 0.552608012 0.823919423 1.461710807 1.321807624 1.049960380 1.674865630 0.942326698 0.840246867 1.799736095 0.213643713 2.131871593 1.674090530 1.865203119 0.965591817 1.910146307 1.368782295 2.827106884 1.618393508 7.883541288 1.827487287 0.765177813 1.795324819 4.468094013 1.635293740 0.298595014 1.240281772 0.193996062 0.909100261 0.929889059 0.778992899 0.726044660
1.088969634 0.995561834 1.293706411 1.888401361 0.664059850 0.916689764 0.767848693 1.033574868 1.635512145 0.727200699 0.857222150 0.571053028 1.843189859 0.961229184 1.841161008 2.279444132 0.518130911 1.094172495 0.773525552 6.144024168 0.864391286 1.573620526 0.940147737 3.786684196 0.929223553 0.520517877 0.601602812 1.294513004 0.934184911 1.007054533 0.782632991 0.075045679
0.603331838 1.208745360 1.230204696 1.641344407 0.541978580 1.628807471 3.091270301 0.877800097 1.059676138 1.194868841 1.356849745 2.450475554 0.784499632 0.492187040 0.917255686 2.073088610 1.198100693 0.932675310 0.886095545 8.145203423 0.917313526 0.851592148 0.024481012 4.480903435 1.184692677 0.501329945 1.649619177 0.884606038 0.955253206 1.093050087 0.905315906 0.714777336
1.604221921 0.904338916 0.896758940 1.600970132 0.734897587 1.017203752 2.389614881 1.048084966 1.468620422 1.395981518 1.631368107 2.167720918 1.455983016 0.104391339 1.097743083 0.751105464 0.636684535 2.395030892 1.976987622 2.459518722 0.678050397 0.507036778 1.802109049 1.114692027 1.263163503 1.881968924 1.784715302 1.895056317 1.046033946 1.020957275 1.042108270 0.497968005
1.387309806 0.742311498 1.480603978 1.025858734 1.738504487 1.399576753 1.419263608 1.059357746 1.616648690 0.836489478 2.012131579 0.579399885 1.685763967 1.606115550 0.994399524 0.617946087 0.822045091 2.009090153 1.952266111 1.789875000 1.619148748 1.964448057 0.122568753 3.558390545 0.863059096 2.036591577 0.557359681 0.043999292 1.024592843 0.997705135 0.842866106 0.817190653
1.161847307 0.689124150 1.072883139 0.835441340 1.943386220 1.259025430 1.118454570 0.824927875 1.428665408 1.677677426 0.142901062 1.929622073 0.517207433 1.387291649 0.769756994 1.234240414 0.621534097 1.205643727 1.647771178 1.573117524 1.314434543 0.640445662 1.296475960 4.845397627 1.440754130 2.392772958 1.627415366 0.926003430 1.036707695 1.090559352 0.884222916 0.569283904
1.709879877 1.999608852 0.669515535 0.847845406 0.901870534 0.739518065 3.196953055 0.914929724 1.288858769 1.240626417 0.217547471 1.746111215 1.002729867 1.141010895 0.908063648 1.183127365 0.579290226 2.245422998 1.222995144 2.571948684 0.843126130 0.923608426 0.318523610 3.880768653 0.664699372 1.822988020 1.209932423 0.284458081 1.097535633 0.979614845 0.740622404 0.859275769
0.836175010 0.630433423 1.986442394 1.829740376 1.535514149 1.657863964 1.993896051 0.884213904 0.785600627 1.789064816 2.305898476 0.086239417 1.166698459 0.863448106 1.805530133 2.308432390 1.222441607 2.701493432 1.897355134 6.402370566 1.503137181 1.661990825 0.493429309 1.299156001 0.896580023 1.350507454 0.963276768 0.514413437 1.009574682 0.956736133 0.828123204 0.164455980
1.445047639 1.240788663 1.352742032 1.238060551 0.807006390 1.456675940 0.978465266 0.974867678 1.013910586 0.818947900 1.142371837 1.656548965 1.483200076 0.089318830 1.943771531 2.337674861 0.678003429 2.883466875 1.375157006 2.658564527 1.755048519 0.875569408 0.178669731 2.407488798 1.563844798 1.329582728 1.468594272 0.356960728 0.925695983 0.970869018 1.086687727 0.212310214
1.919703563 0.862334486 0.526028996 1.348985710 1.837567559 1.809525581 0.196988439 1.057395459 1.855921128 1.618649726 2.299810616 1.157884937 0.905504611 0.624478774 1.589190922 0.569386516 0.682218458 0.865158622 1.987623014 8.493535978 1.573013130 1.125905715 1.461530000 2.141178694 1.123402358 0.634678680 1.687162604 1.624537642 0.907727019 0.910839347 0.802860381 0.325610695
0.896697553 0.830428260 1.183293382 1.180972110 0.757736570 0.517361542 2.522911709 0.830951763 1.359340308 1.616398430 1.451959438 1.420295431 1.094154371 0.264497972 0.995192770 1.479303878 1.394986485 0.552657286 1.397471612 9.160301500 0.644686375 1.838421740 1.098651267 2.330616743 1.282071429 1.987534939 0.797768591 0.380498897 0.961711641 0.933831331 0.906762219 0.677547184
0.562122723 0.635460746 1.761509674 1.664838011 1.804012420 0.892939294 1.382391285 0.874556318 1.878290812 1.167384043 0.245645536 2.388624166 1.243346231 0.901942687 1.210713458 1.500215476 0.944302748 2.014076355 1.144846213 2.120286252 1.699515076 1.674666302 1.016897459 4.319208405 1.403252971 0.081431167 1.677358570 1.484867934 1.055467671 0.976910461 1.011850956 0.369535834
0.748645735 1.663609452 1.260181291 0.882858629 1.177373515 0.816656210 2.429180188 1.073240330 1.598754159 1.732476123 2.554995070 0.515197241 0.522946955 1.522491059 1.545066494 0.647344274 0.787264792 2.208968243 1.528674654 9.410633369 1.745654930 1.157881848 1.252936841 4.174641900 0.692489462 2.287912289 1.573076281 1.763373628 1.017984063 1.001115260 1.026540867 0.731277638
1.525982388 1.875388964 1.803054012 0.868810540 1.683907524 0.958566442 2.589915156 0.762396453 1.915349530 0.927613669 0.261949657 0.256027143 0.945879115 0.474440251 0.669888352 2.455823104 1.183229171 1.003247357 1.585491840 9.552838829 0.618594091 1.320202632 0.204234307 3.517280213 0.787883086 1.843809607 1.461400976 1.098560051 1.025342563 0.999993799 0.797826534 0.290972397
0.932408020 1.085531567 1.967147394 1.924256311 0.824628527 1.984661170 0.680984039 0.954269333 1.816249772 1.259106714 2.626216699 1.466358150 1.071755799 0.982057616 1.494756614 0.973202394 1.100377910 2.618064019 1.711159175 8.372463135 1.558915810 0.579536385 0.520914522 3.180315982 1.337338515 1.667973618 1.725548243 0.955212904 0.973750202 1.097793056 0.916975609 0.636399913
1.354461399 1.556780665 1.055278810 0.792097417 1.812929595 1.224274615 2.978434043 0.869117010 1.262431062 0.999703348 2.400543941 1.478557881 1.090210628 1.756190290 1.043911953 1.577941724 1.229460051 2.896925991 1.103982702 8.169520739 1.259877032 0.625024109 1.548091164 2.589757932 1.527933757 2.343337012 1.936795589 0.757514562 0.944169018 1.072558029 0.889492158 0.221803897
0.941803681 1.937770915 1.851850268 1.205340729 0.607531015 1.038756853 1.172127863 0.790175224 1.741461872 1.100455705 1.311678976 0.425310547 0.934363030 1.882506637 1.288048421 1.568376241 1.023069783 0.574165445 0.607959262 9.097629904 0.835646854 1.486242067 1.537448776 0.030285831 1.584770314 2.515141203 0.788670163 0.672633091 1.069177563 0.931169669 0.697480935 0.187260463
1.732952149 1.162438625 1.302266370 1.139291796 1.791616304 0.842552888 0.354665568 1.040635263 0.669957088 1.651556770 0.905343078 1.007002337 1.805921936 1.647324757 1.403107955 1.637454917 1.275137025 2.160852446 1.197038887 8.257068351 0.584830473 0.583254830 0.377404300 1.930936017 0.746333093 1.874174900 1.010906125 0.452679431 1.048594441 1.049339947 0.776444125 0.767768811
1.974522190 1.708386837 1.038464876 1.117796533 0.675400659 1.473151720 0.078058460 1.069143792 1.067703876 0.987424486 1.472372164 0.338001739 0.913360429 0.613428795 1.414716900 0.606299486 0.802352150 0.451065183 1.773919050 9.863754268 0.907607326 1.212006483 0.608832390 1.643479002 1.594149439 0.697548661 0.541726624 0.837919416 1.066805803 0.952944375 1.101751959 0.933938245
1.290422290 0.855726661 1.604462910 0.774937848 1.036082570 1.731516198 2.243311392 1.066762669 1.137286174 1.488844939 0.442286719 1.615822514 1.308059615 0.312851836 1.329030902 2.262968892 0.646853390 0.429425281 1.078936827 9.365995776 1.531522605 0.975017003 1.281662774 0.012051742 1.727090268 1.202322441 0.552074688 1.108543325 0.981846327 1.042521243 0.955234298 0.546984397
1.764975859 1.696455140 0.774979673 1.301374996 0.819800444 1.816501051 1.139089128 0.910553323 1.137666767 1.368468211 2.099399678 2.436219907 1.996739253 0.070242416 1.320728654 0.985334977 0.705104471 1.178891622 1.842199992 7.715301775 0.712997716 1.751044401 0.193852937 2.507938320 0.685839406 2.360537722 1.054787043 0.773112718 0.936621693 0.902920162 0.737364686 0.307298000
0.556818234 0.602628755 1.392773897 0.617202800 0.624967559 1.725962611 1.157957852 0.792858091 1.700301458 1.002672039 0.979485364 0.972027969 1.281978750 0.504422084 1.011384326 1.964984374 1.145338164 1.589113130 0.594078916 2.605360572 1.716695307 1.243851875 1.247673623 2.243357061 1.298167519 2.527747499 1.220283408 1.419362962 1.095379629 1.064870383 0.710621608 0.489666686
1.179029011 0.851747707 1.309050787 0.742625061 1.351733660 1.851591647 1.261286210 1.012435783 1.297294825 1.211900712 0.121665827 1.173711979 0.836132579 0.335766164 1.443558545 0.682911508 1.389778411 0.331792763 1.681907773 0.840673273 1.918371524 1.754960514 1.977680969 4.546198003 1.480791756 2.420575508 1.086414309 0.073135338 1.012362441 0.950822657 0.963066998 0.109984502
1.806579974 0.731444976 1.382810115 1.449453688 1.274101331 1.845066847 1.547014224 0.989843985 0.937094019 1.351494174 2.501929551 0.334057792 1.841521020 0.153911563 1.610726877 1.023179779 0.631178230 2.305635201 0.899911727 7.940771631 0.870454114 0.615838093 1.880970897 3.772539311 1.697046997 2.294920796 1.572493781 0.063924451 0.937017506 1.039085979 0.874621439 0.806799149
1.038234839 1.825095029 0.842457005 1.044785237 0.686775995 1.502787929 0.135539417 0.808329674 0.759490240 1.440680197 0.767561154 0.901206112 0.797616216 0.886749133 1.758196837 0.815263880 0.880406512 2.403615729 0.639244882 2.837905502 0.641603670 0.868881381 0.828046412 4.113114801 0.858668396 1.375878540 1.290102690 1.912820405 1.072033001 0.975800810 1.138786029 0.586887515
1.645679043 1.097678344 1.502545417 0.842019937 1.809393289 0.809883183 0.671395010 1.092513696 1.866813434 0.523189929 2.517176125 0.009078941 1.265706800 0.351385300 1.464898745 2.067802081 1.140147205 2.114871960 1.965769553 4.487476107 1.286008917 1.404406440 0.338343714 4.596946697 1.751207168 0.017176827 0.725731413 1.520193972 1.007663595 1.037939393 1.017989923 0.744581237
0.766718189 1.204677810 1.005202494 1.235252470 1.028771759 1.495636267 0.587390056 1.103039918 0.560938674 1.464746422 2.866356624 1.867298633 0.731561911 1.786038346 1.991485931 1.755600850 1.189419230 1.317368141 0.893987935 9.505548555 0.719389164 0.983271551 1.409804835 4.326748095 1.830712011 0.361726717 0.635055333 1.845543705 0.975821827 1.022028167 0.894909222 0.032940216
0.860201895 1.141440364 0.507930129 1.938132081 1.067382713 1.158523374 3.062923137 0.849475598 0.627692939 0.575410286 1.667800527 2.075827249 1.044289310 1.492108138 1.775103823 2.472532589 1.128794805 1.809654760 1.740815146 0.950967329 0.757174594 1.033204384 1.085283873 3.130347557 0.626821901 2.439886632 0.926543490 1.694217572 0.923260659 1.033154313 0.772711855 0.001347432
1.873069792 1.612693274 0.759417451 1.931153329 0.689800104 0.858730381 2.948043957 0.920439051 1.659900223 0.979675650 2.024981834 0.480731248 1.251259423 1.192730511 1.184557037 1.831648970 0.779242452 2.317874778 1.295732902 4.839277104 0.581369973 1.816554938 1.727090392 1.449199668 1.079993504 0.770027172 1.872055286 0.393468305 0.997422427 1.054937209 0.827339020 0.184176161
1.147768284 0.721709369 0.635399176 1.835306209 1.261254944 1.227652151 1.635963928 1.014845372 1.380530024 1.316902777 0.609403182 1.366452429 0.958024975 0.585694231 1.694386910 2.243416928 1.120836543 2.052381419 0.579710519 1.671025962 1.406448515 1.771832347 0.304576589 0.094243341 1.842914632 1.076071343 0.899529055 0.825063025 1.011604706 1.052920758 0.757420311 0.988972767
1.577252641 1.965944070 1.888204280 0.986696228 1.127441478 1.409835973 3.180498969 0.810745648 0.621450060 1.246567665 2.268640231 0.263948775 1.397556746 1.873982591 1.731459635 1.315454063 0.546128036 2.484977347 0.910243457 8.798161042 1.114502454 0.837586506 1.186057518 0.542246540 0.533068172 1.590233569 1.929399675 1.510649148 1.022741343 0.922590207 0.867120221 0.013695912
1.791344841 1.399307974 1.372274445 1.761841927 0.559269061 1.098034511 0.622180480 1.076917313 0.689429853 0.845606286 1.736039147 2.091295567 1.029651685 1.300455220 0.574153268 1.599026244 0.932067966 2.083318930 0.975461936 0.498049401 1.279573875 0.684343148 0.859900672 2.178101859 0.667147136 0.234429647 0.624472356 1.683146517 0.916953166 1.084811903 0.799390298 0.344351736
1.667856795 0.653304369 1.940998285 0.604231650 1.862982865 0.981797813 1.958450027 1.021992611 1.900067148 1.819919213 1.439486363 1.278922165 1.053663829 1.741832337 0.646208652 1.871632914 1.161739177 1.766150244 1.320765531 6.502591880 1.975913127 1.765413130 1.689900367 0.573259934 0.765201953 1.485446773 1.299475347 1.997832326 0.969321389 1.013367564 1.023839751 0.264002489
1.442856798 0.804874899 1.882743957 1.482847605 1.376992116 0.871073021 2.687154362 0.895330498 1.169216512 1.115571251 1.296783891 1.014545918 1.736916495 0.370203677 0.877405430 1.278496205 0.815075032 0.601781072 0.848660071 1.034682701 0.708806226 1.293314455 0.030469604 4.254858927 1.416555112 1.460996208 0.618519666 0.535118413 1.045444503 1.069614967 0.795701086 0.157576060
1.116230087 0.916568530 0.554537638 1.332176150 0.652519363 0.697376737 1.480021685 1.085152320 1.267558242 1.077039327 0.189474056 2.332509276 1.355204230 1.727830663 0.712682572 1.783797589 0.842179843 0.801067451 1.077280828 8.084028923 0.745899247 1.894861751 1.703347592 1.199866126 1.156860531 1.431971533 0.517490714 0.106442124 1.053402924 1.081495766 1.028844241 0.205723213
1.364526761 1.419635955 0.791813936 0.895916599 0.614039046 1.901347482 2.619246806 0.896157678 0.536856492 1.374233017 2.371808017 1.897257420 1.594216487 0.759351627 0.516447616 2.016580925 0.845397210 1.258789934 1.205679992 3.122473919 0.633478321 1.176243455 1.854296868 3.379342025 0.519297157 0.961029056 0.689577512 1.541658508 0.958191882 0.909114242 1.124218717 0.958560300
1.517546659 1.509136121 1.727770092 0.918889335 1.965422185 0.538918926 1.269353712 1.071361294 1.479501616 0.972075873 0.735174881 0.922708370 1.854026041 1.441407093 1.417642138 0.510151083 1.193619748 2.924461262 0.661785640 5.048458003 1.075944378 1.932139806 0.914220767 2.389253134 1.795012641 1.725863078 1.660430969 1.323976444 1.026416550 0.958595858 1.038750391 0.920220660
1.696388761 1.721039036 1.584362841 1.223604534 1.896288180 1.906354192 0.486440863 0.796552795 1.500668864 0.644357588 2.046708426 1.552944062 1.315637168 0.609968744 1.377853713 0.764303481 1.008139187 2.796628152 1.430624211 2.239304303 0.728029516 0.901337436 0.433585307 0.637032617 1.868432300 1.093022007 0.697284842 0.589765383 1.078752404 0.990166915 0.730076632 0.904008011
0.642553754 1.924855780 1.013247896 1.259800450 1.217840313 1.108332442 2.472032599 0.755228879 1.774358390 1.896994080 1.027119876 0.550255437 1.336023189 1.159076507 1.639005277 0.802208946 0.850465660 0.481577418 1.760788953 4.100649049 1.878751458 0.529054951 0.569214416 1.598741689 1.677829422 0.328475071 0.574347477 1.351255380 1.052317894 0.921989252 0.793637623 0.747873221
1.062135886 0.788802048 1.823966823 1.855799209 1.620021688 1.841319595 1.221011924 1.090032767 1.966140106 1.876313360 1.876325943 2.230111367 1.223257283 1.897058450 1.558631320 0.868050335 0.748208780 0.818882803 1.178255555 4.955985579 0.502390348 1.714221422 0.253541723 0.759802018 0.612656295 0.310020376 0.735514110 1.119046748 0.935428355 1.006760457 1.070924807 0.381635513
1.544375657 1.679971783 1.819487468 0.939298822 1.288803951 0.554813953 1.355139256 1.095198797 1.495068488 1.494169352 3.031622566 2.271771152 1.777936377 0.894477424 0.795542583 1.735760822 0.892996821 1.330321009 1.944274671 6.716082437 0.593015845 0.774181746 1.175742569 2.161562113 1.943303349 0.415485244 1.117250486 0.379028015 0.988577785 1.068668371 0.880557625 0.542973813
1.188844871 0.780119607 0.571346988 1.034787385 1.609084181 1.783565845 2.320157235 0.974359550 1.734514515 0.592426922 1.885747473 0.816007816 1.868363393 1.987524159 0.933873260 2.298234487 1.218249891 1.728019809 1.089204335 6.272858929 1.042379582 0.520489171 0.104819806 2.917875767 0.528276226 0.398523820 1.822107509 1.661222922 1.015506824 1.010821250 1.049548982 0.201540638
1.885191074 0.984767291 0.845708533 1.215603509 0.636449648 1.321825736 0.317950085 0.770902489 1.046125490 1.562945015 2.976232700 0.860602884 1.540086642 1.405884543 1.028909741 1.170666644 0.501789971 2.123901603 1.419109511 2.384188301 1.069790452 1.960805973 1.432388356 4.223565726 1.933494495 0.755288960 0.565555649 0.606033192 1.089628780 0.993954729 0.823501064 0.990986862
0.721651665 1.108394125 0.812187281 0.808091765 0.784615326 1.953628643 2.569790609 0.860052826 0.580306995 0.778587204 3.057617288 1.532858802 0.558184623 1.533391970 0.549657681 0.597953358 0.601497530 2.507680281 1.812478633 7.637473846 1.228558826 1.632139433 1.197293197 0.151700196 1.174799960 1.010033353 1.845482530 0.768467025 0.987691905 1.018573720 1.034665401 0.059977002
1.590326632 1.786692408 1.829896731 1.592279225 0.703452981 1.919473552 1.628038370 0.997961593 0.774000148 0.756105034 0.924953337 1.817510920 1.391318540 1.434591583 1.554112147 2.145040233 1.307882859 1.576386613 1.961749460 5.690921420 0.962522748 1.010856690 0.060999829 1.024693233 1.194236256 1.645802979 1.886567666 1.906021842 1.080635104 1.065227247 1.067627964 0.070920111
0.711863474 1.865198313 1.809803425 1.184783600 1.158913064 1.673152274 1.655242239 0.814846423 1.803075340 1.665391556 2.942956290 0.192946081 1.681683774 1.369135977 1.370134348 1.811029931 0.573404991 0.358799601 0.564276741 1.068351292 1.384581681 0.749318438 1.234737139 2.817668257 0.986101359 2.163164712 0.773392974 1.776307648 0.912064677 1.017829085 1.088647671 0.096900868
1.277047510 1.049055824 0.656110007 1.753482543 0.699360431 1.253088357 2.354089991 1.036686218 0.506815606 0.539318290 0.656765170 0.141646807 0.722820150 0.695998247 1.654143267 1.133861722 0.885948650 0.371617650 0.744731789 2.333710770 1.928365693 1.784961943 1.617645677 4.011861075 1.249726660 0.585066868 1.640601278 1.145399320 0.942928269 1.032911461 1.019911271 0.886624462
0.585404791 0.626356761 1.148706764 1.725441855 0.723216450 1.278916378 0.973634028 1.062394472 0.966787500 1.633814213 3.231745878 1.380323341 1.450385648 0.715996828 1.999111740 0.747767301 0.715816238 1.638016917 1.052614481 9.648763520 1.724768028 0.654638000 0.234316542 0.290427387 1.067880486 1.258485062 1.163114123 0.992161586 0.903552268 0.918149237 0.696132760 0.363975892
1.271022002 1.154979156 1.770936816 1.873878252 1.771925571 0.992799004 0.254055397 0.957265450 1.838452732 1.276163724 2.958195382 0.722124482 0.785431360 0.191458786 0.963439030 1.701499908 1.410367811 2.942195849 1.889646756 0.139170381 1.735153107 0.779049402 0.446489305 3.584161426 0.508982455 0.848462681 1.763807485 1.214991461 1.057587813 0.981361508 0.742194723 0.060479503
1.835008617 0.820566424 1.089343958 1.843517855 1.832103983 1.713554559 0.571383720 0.941320677 1.848497410 1.479150126 0.013412424 0.122312425 0.869457400 0.592842803 1.338455970 1.768524719 1.356014135 1.992949489 1.813972491 5.102828080 1.257035965 1.555316660 1.486717232 4.624410080 0.599611455 0.625010226 1.307014187 1.957109414 0.902285046 1.048028897 1.075729568 0.736306959
0.631282054 0.776578174 0.676398834 0.893512081 0.668525741 1.352807726 0.149365646 0.786222926 1.729473684 1.670634584 2.614096834 2.289014567 1.754153660 0.541779719 1.433170352 2.401075263 1.062776459 0.880928702 1.008870697 6.006647605 0.625594037 0.911841466 1.063144313 0.259410802 0.502608833 0.211556002 1.270547759 0.435743175 0.993173378 0.927915991 1.093848938 0.608615128
1.003124582 0.701981261 1.684041350 0.906956074 1.871702810 1.069789294 0.795194424 0.862189662 1.549246476 0.548112540 1.037551030 1.643913077 1.740790155 1.992800875 0.530235415 0.871751461 0.549210798 2.772224630 0.604376035 6.567412386 0.686546336 1.820983142 0.074597702 2.710076461 1.000972352 0.218892943 1.068695187 0.413953144 0.914249900 0.947422341 0.733988568 0.236199987
1.867559063 0.535453734 1.692663968 1.662107557 0.930444897 1.438289241 1.849894929 1.004797436 1.319335050 1.432355009 0.043557319 0.383704511 1.101504256 0.176755166 0.561396732 0.533756342 1.424857114 0.589814795 0.720955943 0.288044307 1.347776653 1.051703581 1.330908222 2.084690120 0.644405824 0.245381655 1.589249255 1.822828907 1.092232504 0.953444883 1.000488425 0.266976659
1.199950232 0.576408879 0.910230888 0.761842174 1.732635271 1.966018969 2.169592409 0.983793617 0.963708245 1.536468400 2.641780834 0.669544478 1.941666135 0.644212799 0.636923062 0.551298131 1.366740250 1.413176663 0.516583652 3.413863384 1.969806148 0.786334665 0.352953050 1.661562763 1.347404973 1.371259330 1.920835806 1.045914470 0.939998908 0.907690780 1.054446929 0.651504207
0.578555840 0.934798116 1.732825980 1.481866009 1.918445317 0.826791866 0.271421638 0.750507859 1.694159476 0.737601932 2.479140916 0.503709385 1.797939976 1.242062034 1.821954419 1.683533200 0.616984808 1.873658339 1.098564510 8.648193622 0.945691486 1.896839575 0.216516972 2.488564587 0.634779642 2.606995675 0.780341993 0.985590602 0.956518762 1.094461115 1.004219711 0.428505482
1.401001952 1.905438548 1.634881181 0.997010801 1.961863870 1.019510969 1.436661328 0.842022164 1.388568208 1.943689403 0.385835474 0.210413380 1.188316660 0.346406386 0.502100829 1.862198355 0.604875036 2.630311236 0.785406116 7.820796788 1.150669533 1.903019183 1.913159819 3.733716833 1.647286667 1.101115230 0.885064323 1.124018018 1.098866833 0.971050960 0.859075311 0.113702533
0.998575433 0.662437787 0.504083013 1.946112292 1.704260279 0.510490861 0.810204990 1.034869820 1.980457741 0.607762267 0.758624955 1.058007466 0.743622579 1.761503100 1.091002081 1.802862090 0.536177610 0.563685721 0.699739590 4.896863589 0.888830576 0.604615870 0.283349227 4.062655739 1.145758135 1.680941485 0.755255748 1.086329600 1.074700844 0.906876239 0.981753824 0.834921404
1.832860599 1.779673136 0.619793122 1.803441936 1.015192917 1.132254455 1.604829258 0.933795033 1.196789632 1.855383830 1.590987711 0.367120685 0.716743436 1.089237924 0.838209487 2.364097612 1.210855163 0.771132090 0.667937336 8.866216385 0.528525982 0.591013485 1.049348884 1.705947481 0.806129166 2.587756833 1.990484737 1.655060299 1.077132069 0.960357893 1.031030272 0.401106605
1.262364894 1.448498238 1.920037006 1.129599480 1.988590328 1.336766382 2.550408046 0.867457943 1.089950201 0.943787180 2.186806979 1.102869999 0.536841028 0.878724287 1.580000817 0.790689918 1.047989486 0.663366563 0.651874858 6.798300691 1.366994457 1.594083056 1.341983287 0.621646628 1.978469167 0.828287416 0.513144892 0.096814714 0.901695445 0.951918212 0.839781204 0.927713244
0.797943314 1.428227878 0.740099871 1.528372232 0.725403433 0.632216109 1.779559578 1.108918569 1.671750413 1.018899604 3.157607299 2.123547724 0.953092020 0.016709779 1.161683879 1.954346585 0.984500972 1.017034520 0.626750362 0.510863347 0.954162587 1.356475998 0.974399444 3.653267699 1.917643254 2.076790902 1.707757149 0.695861894 0.922216713 0.974194175 1.078587977 0.246139895
0.981750703 1.745663905 0.580566553 0.756863741 1.663884351 0.552167717 1.197362671 0.768235519 1.998436147 1.751107518 1.803763213 2.370280198 0.984878014 0.431610868 1.518464589 1.040001647 0.554452696 1.550299038 1.259307323 9.141830046 1.445321386 1.705452216 1.508688965 2.556217411 0.778185867 0.010495797 0.677507519 1.560447350 0.908274737 0.967288095 0.819053841 0.067173885
1.915474148 0.588695755 0.727522731 1.246709825 1.442832484 1.521505815 0.020795157 0.968262390 0.987265886 0.617855917 2.913661983 0.214045779 1.914641713 1.480807076 1.426749605 1.532843126 0.776327077 1.711866345 1.702267041 0.047165151 0.989988358 0.739034095 0.117097827 3.548709829 1.648447508 2.449642779 1.352306978 1.731547423 1.006310035 0.959005313 0.725601073 0.385245840
1.325284755 1.303026902 1.654582531 1.065908429 0.970565740 1.755915747 0.636509083 1.017954723 0.686997596 1.227396672 1.992691303 1.837038430 1.715816303 0.451448772 1.059781064 0.772221181 1.243428675 2.236077399 1.903498240 0.943646122 0.602472881 1.310471338 1.203144612 4.897248977 1.501778453 0.166907950 0.944614227 1.570942081 1.041267816 0.905850837 0.958891036 0.015972610
1.174888703 1.324610719 0.531579368 0.961674393 1.670603110 0.940328302 2.408189502 0.979918933 1.625209651 1.913766509 0.690796421 0.181600381 1.905936592 1.063804850 0.672885713 2.411921895 0.511788540 0.642600988 1.426582429 5.634795248 0.752598704 1.570540023 0.530239243 0.499476005 1.384730440 2.206572921 0.712040648 1.054796624 0.930634646 0.915806806 1.115521560 0.798492377
1.661752402 0.518292536 1.330122088 0.735418576 0.548320134 1.358093660 2.152134952 0.774524389 1.827351091 0.940380046 0.182398501 1.680650157 0.563348232 1.713582878 0.852363242 0.674584442 1.290686700 1.385280127 1.751989391 7.256344798 1.420035032 0.557482533 1.655875569 4.708025720 0.870257523 2.040047531 0.912506897 0.664498683 0.900724361 0.942321927 0.702470768 0.820642132
1.945503659 0.551334817 1.904050912 1.877806010 1.383136407 1.040023343 0.692592018 0.755833244 0.517538780 1.156900982 2.418585151 0.832219350 1.351653118 1.278320307 0.615639738 2.111607607 1.409132234 1.978207114 1.516767339 6.686979658 0.970606612 1.728526170 1.169953866 1.474216047 1.448599589 0.647248016 1.791561481 1.427210330 0.984630884 1.043917330 0.811414260 0.719790665
1.142594124 1.690862352 1.999983463 1.539340838 0.583427060 0.925722220 0.034900519 0.969236736 0.544360255 1.921621700 0.936381479 2.154335558 1.628473374 0.563286595 1.256040683 1.344843017 0.797589012 2.782288031 0.538746332 3.770163301 1.793596516 1.795266027 0.263015159 0.337622286 1.668300313 1.962620956 0.751818710 0.326133824 1.034032432 1.098640124 1.120435241 0.882203627
1.209074933 1.439013189 0.516275521 1.860334369 1.697584501 0.531260959 0.404531523 1.053349020 0.873554217 0.963612561 3.015995511 0.880854893 1.962476564 1.955545201 1.361963027 1.113010902 0.643041951 0.470720534 1.641953339 6.626374046 1.660588395 1.883505328 0.042937470 1.685739236 1.431134219 2.638566550 1.546829420 0.128359479 1.038140292 0.987751188 0.990215104 0.762383967
1.221649168 1.846253619 1.898683710 1.411691538 1.658829216 1.804757854 1.765993910 0.987112994 1.084353387 1.186767710 0.475255388 2.341114038 0.664941866 0.229779391 0.759573592 1.612527070 0.672769078 2.603821519 1.561465962 2.517050835 0.562211681 0.756439283 1.144894340 0.794397149 0.712935876 2.126483550 1.112474066 0.620796404 0.954231013 1.024509684 1.122260842 0.774458951
1.825326489 1.850268546 1.542848093 1.692230757 0.960835052 1.945637458 1.692383158 0.769663252 1.401443912 0.808156749 1.784960852 2.176992391 0.704993344 0.205061096 1.072354766 2.022067282 0.658872416 0.721442677 1.469309380 4.161572246 1.053081955 0.721426778 1.358129340 4.501589685 0.674859093 0.986936706 1.875812736 0.019746346 1.082137189 0.912620031 0.722664441 0.101136250
1.715001795 0.612776706 1.113124046 0.752994855 0.715384382 1.478901854 1.286324721 1.004014133 0.653563545 1.768209203 0.057570741 1.842978337 1.400127837 1.023110227 1.050989639 0.961095782 0.563943700 1.359569987 0.801325120 6.347695184 1.461747170 0.649396783 0.770416240 4.421614251 1.992465258 1.152408381 1.754930209 1.701570845 0.968527479 0.937095748 0.718332946 0.837684393
0.812617222 1.806851819 1.530200315 1.713598216 0.893002981 1.460666159 3.131039222 0.779318682 1.810633547 1.763410426 0.680801833 2.401196809 0.927047068 0.991908974 1.021357326 2.482883743 1.148048411 1.899298405 1.404646980 8.018936527 1.880962287 1.393021351 0.686367717 1.841950264 1.494872195 2.403340667 0.687368216 1.507194132 0.924967761 1.057488402 0.787712339 0.374600333
1.724898926 1.835335109 1.519738382 1.571901440 1.308412174 1.588074254 0.416004562 0.782669649 0.514038462 1.724684277 3.279157047 2.239647185 1.580157686 0.445167811 1.948124191 2.046862681 0.989590894 1.755705311 0.854182712 3.225815559 1.852690339 1.391420056 0.631922980 4.276984784 1.835007999 2.084525775 0.743442435 0.142010329 0.948025517 1.021128300 0.715631119 0.006210791
0.845520354 1.041912923 1.872672193 0.802891363 1.778808610 1.578259330 2.443356871 0.872988896 1.990831003 0.892368467 2.793571394 0.626097926 0.585725396 0.060892960 0.528637003 0.718818217 0.857451811 2.852244773 0.705934108 1.302876764 0.653577743 1.071128600 1.836522848 4.627656359 0.909627281 1.624094845 1.074168984 1.591292398 0.933984487 1.050102444 0.724530758 0.705604526
1.931525129 1.587743338 1.857920440 1.194557333 1.915800737 1.667288207 2.820492492 1.079421608 1.593784139 0.741869541 2.893551048 1.587717229 1.135221220 1.098960751 1.485723058 2.395276260 0.711555401 1.672762252 1.804586206 4.057167793 0.821667504 1.845713142 0.867080205 4.981935955 0.574373022 0.895271103 1.695435754 0.854059203 1.063524740 0.980577184 1.128049273 0.999152724
0.500088468 1.641676967 1.421690967 1.762981863 1.503674649 0.573673259 2.870226817 0.745134382 1.106704210 1.990174284 3.116927606 0.798079127 1.607905136 0.728737242 1.885376008 1.922887643 1.375492863 2.254943905 1.995061806 0.898982453 1.681885605 0.943015136 1.603306893 1.960060650 1.756821827 1.312806793 1.396554979 0.913246978 1.065837073 1.095786400 1.083658467 0.752361335
1.989147009 1.949214621 0.919502758 1.615845863 0.887926046 0.528736453 1.528609723 0.916068109 0.523199489 1.180674100 0.329341226 0.732682657 1.648863216 1.236963455 1.802909152 2.385660767 0.977620175 2.737474296 1.268538846 8.993002566 0.738936010 1.338735480 1.988719578 1.783074225 1.309340897 0.907842557 1.332001046 1.961175456 0.926766126 0.919344956 0.705060989 0.905552365
0.696047512 1.931691904 1.598616311 1.088431535 1.557664479 0.609315906 2.507155046 0.995390929 1.778309238 0.666709889 0.524703618 0.071468563 1.658498049 0.007805424 1.535650730 0.935416271 0.520935956 2.654248947 1.166299923 4.425178411 1.700660166 1.196710297 0.899102429 0.225109720 0.903440514 0.267415605 0.908186339 1.642063201 0.982586506 1.060644844 0.915045365 0.594054791
1.770761860 1.792312807 0.609186230 0.656071643 1.951429801 1.782253218 0.603415919 1.000413078 1.885437387 0.710279172 0.084007806 2.415584300 1.891333856 0.791416105 1.599868705 1.247914574 1.404181202 1.602110125 1.494511363 9.020588871 0.792327761 1.217385444 1.818398936 2.958725283 1.289669044 1.934847614 0.592806752 1.444105937 0.943914663 0.943523602 1.043952067 0.022494836
1.992736866 1.771591419 0.921270478 0.775231156 0.505358062 1.003071282 0.322737200 0.899326857 1.863438826 1.392267433 2.230957841 0.055914474 0.825712377 1.264749320 1.937071210 1.357739816 0.772431277 2.862044173 0.943268003 8.818313564 0.552336148 1.548080677 0.486995176 0.804548448 1.892203505 1.984910339 1.745968373 1.314360697 1.062206612 1.070070126 0.892187281 0.952153520
1.741706687 0.840572147 1.566700225 1.148912592 0.976523615 1.635409333 2.181807455 1.038445845 1.946677058 1.360351222 1.260951824 1.047991434 0.624294213 1.859108142 1.576865742 1.307671126 0.538042971 2.986991710 1.541695875 2.267062221 0.880748458 1.275952939 1.473748243 3.933964534 1.780014925 2.500891868 0.652891923 1.434786041 1.056122816 0.925292799 1.136290527 0.419345509
1.654070783 1.657294985 0.600931591 0.709689676 1.617035333 1.716997041 2.726895419 1.055194723 1.277725749 1.591566795 1.063576683 0.295482010 1.508943585 1.918830309 1.750753444 1.053698875 1.360635978 0.760815366 1.337159351 7.770740628 0.570572453 0.667463363 0.247153317 2.828314282 1.854047889 0.027579769 1.901182247 0.175276260 0.972867020 1.099143539 1.033479425 0.438548596
0.667098525 0.668099707 1.675653174 0.628608748 1.173590146 1.681818411 0.295329875 0.852585291 1.832351774 1.647047258 2.393227289 0.125272963 0.619945974 1.516365796 0.812976107 1.858064241 1.205021194 1.085423386 1.980761989 9.461679897 1.181461653 1.934498454 1.865599391 2.639264779 1.741902195 0.187147086 1.516750017 0.028635299 0.941862967 0.926072654 0.844348250 0.116057916
1.466962527 1.291298931 0.647168655 0.649543301 1.513328582 1.202347174 3.024859326 1.066033535 0.552093779 1.971201774 3.088143913 1.222116476 0.644791235 1.470351213 1.791269657 1.376417262 0.753820755 0.352999460 1.614038855 1.165146550 1.637393486 0.987782419 1.876283913 0.698852865 1.671044941 0.173768573 0.819496532 0.798527007 0.920033649 0.998757598 0.749674529 0.048880525
1.630976463 1.744858570 1.917014162 1.910055246 0.644496819 1.422442378 0.478674645 0.773643255 0.861694618 1.123963326 0.081253465 0.040221296 0.680798561 0.294835037 1.286534417 1.092887459 1.122157126 1.829150777 0.535176225 9.984439250 1.770987782 1.026458750 0.383194378 3.080133252 0.840783226 1.406923568 1.956112183 1.010262910 0.929720527 1.053187801 0.766532346 0.520203810
0.529130710 0.574086055 0.800318003 1.976960223 1.932742531 1.567700788 0.108402240 0.930764452 0.572171305 0.868032486 1.527260419 1.388801715 0.852747103 1.685058479 0.654563633 0.632804816 1.084921642 2.749465702 1.446741016 3.856230970 1.010884802 1.539048006 0.806700634 0.359672645 1.709075827 1.467390146 0.722254473 1.949603757 1.067823672 1.058867447 1.003271959 0.283322582
0.888749265 1.280820983 1.469815524 0.643744734 1.974976410 1.961266523 1.583956927 0.937478996 0.811072493 0.682810781 2.587105337 2.353136895 1.831935045 1.976033463 1.728878302 2.284400443 1.166144271 0.491856163 0.648766161 3.640590558 0.781896460 0.707517138 0.707306949 0.106230616 1.398789450 2.485239180 0.671138914 1.603760944 0.989727144 1.002359047 0.788551005 0.949628004
0.673306744 1.832165341 1.579202797 0.715749424 1.466789159 1.820289294 2.297697165 0.742919458 0.779556450 0.954967049 3.185340008 1.788767124 0.754599077 1.315448516 0.690313045 0.729110335 1.279871759 0.703987475 0.823778164 0.564889822 0.795651909 0.571808739 1.570901991 4.810134936 1.718840875 2.064969964 1.776844976 0.843036455 0.967858290 0.946928183 1.097011995 0.801863525
1.567507549 1.671543106 1.590709515 0.700462774 0.956744266 1.600998405 2.854055501 0.993645557 0.815586327 0.568294731 1.717731025 0.689363804 1.977138889 1.351901404 0.753713985 2.179125675 0.880777652 2.639612546 1.571905333 0.637431532 1.866869824 0.662083332 1.770081286 3.262638735 1.931284669 1.215124853 1.819562885 0.636345874 1.086807537 1.080928573 0.853102590 0.973622688
0.925897461 1.883732931 0.973345909 0.624529473 1.631885043 0.502596480 1.733816026 0.759818972 0.558098340 0.912308870 0.548069455 1.887382928 1.121914838 0.128568077 0.596203810 2.130814728 1.340425501 2.457854484 1.633095430 6.917601908 1.159914452 1.458730756 0.510218642 1.368638431 1.903331121 0.440257858 0.928533497 1.308882930 0.952059108 0.935221428 1.022385435 0.270670826
0.683608363 1.989505862 0.696018010 1.996022438 1.445727820 1.793271515 1.489841014 0.907089909 0.999648501 0.502485951 0.556909510 2.309243688 1.698056243 1.394008230 1.473594472 2.096903852 0.994355571 2.341705790 1.064011345 0.396808460 1.787178741 1.443138373 1.498833017 3.862345658 0.708433289 1.918360241 1.055464948 0.290260226 1.044665906 0.908643844 1.099997027 0.286400006
1.052113542 1.007635006 0.537539144 1.626036236 1.020747642 0.835988052 1.445340198 0.813115654 1.955839057 0.532681444 1.643583310 1.964591068 1.124272074 0.052956777 1.982236139 0.824357670 0.818923989 2.578054251 1.921541625 3.282118134 1.899674665 1.860718813 1.451368176 4.179394792 1.815218248 2.148898080 0.581802046 0.402311885 1.019703174 1.074685363 0.934422108 0.896793333
0.807207555 0.595592320 0.903011297 1.446506107 1.139089082 0.580024502 1.901996391 1.058505461 0.590458521 1.958241050 2.780161232 0.286158131 1.239082790 1.665794918 1.498051690 2.122923427 0.722189000 2.478287930 0.617640680 7.574738206 1.827953793 1.375158593 1.759430654 3.111456751 0.606973217 1.957074044 0.865556791 0.139875455 0.905653378 0.964243625 1.095135183 0.347850621
0.744288709 1.183357804 1.121222620 0.816975025 0.785650269 0.742511627 2.742178021 0.823010054 0.589316932 1.111113257 2.761718770 0.449325399 0.572347236 1.841210531 1.083247699 1.887686807 1.337847236 1.071162239 1.505928387 0.775749109 0.606760797 1.619735884 0.847423290 3.010972873 0.749799810 0.724814117 1.459281461 0.227285327 1.096782974 1.078778092 0.852189960 0.649963140
1.701989789 1.942102181 0.816606728 1.681842378 1.726186371 1.101371471 0.127115852 1.109026928 1.327224757 0.709477596 2.244840899 2.074201763 0.652822345 0.249777563 1.961968379 0.575903769 1.303339008 0.540195661 0.716061733 6.993266427 0.660655886 1.989653485 0.054762909 0.668406185 0.881306463 1.799188585 0.999258939 0.258057082 1.090584033 0.916308354 0.753651774 0.704720319
1.347045527 0.945967323 0.563754379 1.701482973 1.576728023 0.776976414 2.964458564 0.788396752 1.762744784 0.799955317 2.820057849 2.053360182 1.036623392 1.691178407 1.197550089 1.196576114 0.574973956 1.245014695 0.692208453 9.694010386 1.953456720 1.664522563 1.129288723 1.881145656 1.112882098 2.460980624 1.612113737 1.467163821 1.003800853 0.920402582 0.705702485 0.446975351
1.861911139 1.503679742 1.958774579 1.782147343 1.047910441 0.785382656 2.017256847 0.959794043 0.741244176 0.566974987 1.319349091 0.873077962 0.809090794 0.185523172 0.973659909 1.389045161 1.314759334 0.438772544 1.593397688 3.720699824 1.939719089 0.678489370 1.138256284 0.382089816 0.581118764 0.374690198 0.525312525 0.341133449 1.088249088 1.088775568 0.764332241 0.963984960
1.965465270 0.511503083 1.407909782 0.912551027 1.005015539 1.702064096 0.090882462 1.008128080 1.509866021 1.137293398 1.865266891 0.314578227 1.436120809 0.928261814 1.350561362 1.429376926 1.396196576 2.445052904 0.809386904 9.810447974 1.335546567 1.258065427 1.665879609 4.568843657 0.587276097 2.649744288 1.941413372 1.817022373 1.087404391 0.973002456 0.977256888 0.918697572
0.635678473 1.571582824 0.888136993 1.991662519 1.980695940 0.683524637 0.340784634 0.948526663 1.921284128 1.794510322 1.754506487 1.770540420 1.728624620 1.331315568 1.398173138 1.015050514 1.285991995 0.393117321 0.506077102 1.608023745 1.007033093 1.613203013 0.759328909 4.910806054 0.954915390 0.690415519 1.125905427 0.876374648 0.966655407 1.035924742 0.734464330 0.969626213
1.600111306 1.520453506 1.346594409 1.013578556 0.764673681 1.985268813 2.062635169 1.101325060 1.936263321 1.693359886 1.951990106 1.311577621 1.967785089 0.362261817 0.871948825 1.905489532 0.729048698 2.715330453 1.386183454 7.431967537 1.761223866 0.896937776 0.832186407 1.215896212 0.729653723 2.567596087 0.832137299 0.009588531 1.091872637 1.008678792 1.069526055 0.300816426
1.954512313 1.475358061 0.548011215 0.821127978 1.506603285 1.392153645 0.958658014 0.840127069 1.529377583 1.997387981 0.104217035 1.915741788 0.596867283 1.802398294 0.621389979 2.420742915 0.758535297 2.731094371 0.958840218 2.738043858 1.714197561 1.468440650 1.780689168 3.607526579 0.792753931 0.718249617 0.663214961 1.239234112 0.932789743 0.936017425 0.995470333 0.844561690
0.620533731 0.877014877 1.042494404 1.282538235 1.557233535 0.851654358 0.778781063 0.781098393 0.732331223 1.151148304 1.545848520 0.526586829 1.299968390 1.588056532 1.068185852 2.373669367 0.610125676 0.903538285 1.926934623 0.156251463 0.559932652 0.611569046 1.266657023 1.270650420 1.963104111 0.921371507 1.953338703 1.177960830 0.917050981 1.055753361 0.865463734 0.028681205
1.852518818 1.914958499 1.154445933 1.502193303 0.571523743 1.620217792 0.519029817 1.075734266 0.752535205 0.679981350 0.844497746 2.222672178 0.692157851 1.216859649 0.708774366 2.236825118 0.590580997 0.411004163 0.555542627 2.891405250 1.553376311 1.721490467 1.317878608 0.145801720 1.603479513 1.833280882 1.737917865 1.194236155 1.075796144 1.015968955 0.813679143 0.559234486
0.784358781 0.937794666 0.705449999 1.631407579 0.833765516 0.596508359 0.450872340 0.784667430 1.456318497 0.553750639 0.266808344 2.467133638 1.615244423 1.046035996 0.734105158 0.910186396 0.858832259 2.527221076 0.589778858 8.428905879 1.817774087 0.995916509 0.085418878 0.723596627 0.544913007 2.474827152 1.252511312 0.080254363 0.957701471 1.086699680 1.007247838 0.939166360
1.803107546 0.990313297 1.207637470 0.684861608 0.743730754 1.691309715 3.119689317 0.922065471 1.925267645 1.252507226 1.612026568 0.099920838 0.576126587 0.398377409 1.869164526 2.165127951 1.378161963 2.821065197 0.512000148 8.743432743 1.547030682 0.885434408 0.743355578 4.967145681 1.060953296 0.436261476 0.586933590 1.970817400 1.043428913 1.076458655 0.747774416 0.278915999
0.538937551 1.101616903 0.932792655 1.706959021 1.398350084 0.732042310 1.239310098 0.870894320 0.606804811 1.293328394 2.997945616 0.027685270 1.195679254 0.486666478 0.511050384 0.666752688 1.322624786 2.320493001 1.845607096 9.716133014 1.889285442 0.535497848 1.731503900 4.949768506 1.217040456 2.325903500 0.537214255 1.722945045 1.068353189 0.955969106 0.752154146 0.460853010
1.981839605 1.430980204 0.718793189 0.982418118 1.746477683 0.585783500 2.886897901 1.028638334 0.930277652 0.602459602 3.321776229 0.997467202 1.601224307 0.747082738 0.609916481 1.770867112 0.738013754 1.048820024 0.685749424 0.738584522 1.137893298 1.236419400 1.624192749 3.961175271 1.206049121 0.157248903 0.952072075 1.930401364 1.027005949 0.932290019 1.008684662 0.042459057
0.594481452 1.182285858 1.839234098 1.907199859 1.478837978 0.620590288 0.883419875 1.083413274 1.160967647 1.710582513 1.002485639 1.063078056 0.631912493 0.300266075 0.831886828 0.738223434 0.505917729 0.752635502 1.669774036 8.900558954 1.782237570 0.826047783 0.001624045 1.325860353 1.622558360 2.319700690 1.280218721 0.706267037 0.977713836 1.087370396 0.882493001 0.086865482
0.734593725 1.559974603 1.702404770 1.650864967 0.529563333 1.974049852 3.055451755 1.106685499 0.723866128 0.989918385 1.240928611 1.493466485 0.935223232 0.025196599 1.899996210 1.109785446 1.098249454 1.027391989 1.109721463 9.760079153 0.809898829 1.064267399 1.588390760 1.059005304 1.466950254 0.093588395 1.734472925 0.474364798 1.030362078 0.911032445 0.878778376 0.861146564
1.018243142 0.732962356 1.749117580 0.829929965 1.691368481 0.653511384 1.827615613 1.090652803 0.672819233 1.753006982 0.421947511 1.089298676 0.734728905 0.032815956 0.863170556 2.432318626 1.250902699 2.952442279 0.751121827 6.198120282 1.236635170 0.858922753 1.939664074 0.212939368 1.324584962 2.247400595 1.152934766 1.755142424 1.050481702 1.016795566 0.745514172 0.867423784
0.549306612 1.577161602 1.691292151 1.968475260 1.908367749 0.666098768 0.712791674 0.980301994 1.752881273 0.585352550 0.963762046 0.451696784 0.668608463 0.831111753 1.857591821 1.846820179 1.419871195 0.674005195 1.481773967 6.886939111 1.205125759 1.941326820 1.904318258 0.955039726 0.653366323 2.093902379 1.495084499 0.571900962 1.001510978 0.968263665 1.133936599 0.581325551
1.284619200 1.482881351 0.853922775 1.979782212 1.643253399 1.120052426 2.792900146 0.853915088 1.339879558 1.689130661 1.692652095 0.103477979 1.107662581 0.210573786 0.718751691 0.702764062 1.280190572 2.222930258 0.932531466 9.910801093 1.441927485 1.980158295 0.653974794 4.748942264 1.876786640 1.029932147 0.633255890 0.301452805 0.904188609 1.083933843 1.015674450 0.198742500
0.705919222 0.561138468 0.751040026 1.784290667 0.853639962 1.371722824 0.180370610 0.855852120 0.736407551 1.827802718 3.307526270 2.490800130 1.369241039 1.903042165 0.600112886 1.828320169 1.168585442 2.674824807 1.284689737 1.466396743 1.857598453 1.531103112 0.226691659 4.661565270 0.923495740 0.608919670 1.840110105 1.630646200 1.058523021 0.901696067 0.964873235 0.629248164
0.759527831 0.648445779 0.634005854 1.823468234 1.599555275 1.489034455 2.647328870 1.023860637 1.257169947 0.662279345 3.168098199 0.939223756 0.603579057 0.112004378 0.662739226 0.954433719 0.704227375 1.165362949 1.787921001 0.329996122 0.847542875 1.691154762 0.715019374 3.812230315 1.999729704 0.042048188 1.101438104 0.030357408 1.085090168 0.903477461 1.127660653 0.893143150
1.893463216 0.824562914 1.000788345 1.383449865 0.843014168 1.168860540 0.746222868 0.851084588 1.145496183 0.886256020 3.136310333 2.439901723 1.784009425 1.674424892 1.969807531 0.584911596 1.068301474 1.131425305 1.167597660 7.153824934 0.921953431 0.564073568 1.763994945 2.116173396 0.761349014 1.747289811 1.194648211 0.368741950 1.071143535 1.092633623 0.772146100 0.080177101
1.540877639 1.606020751 1.658477063 1.521982996 1.228227459 1.295445775 3.007923095 0.747188247 1.681117494 1.779550392 2.359884240 2.046946437 1.897350404 1.636789439 0.785542189 1.142907675 0.744158391 2.189593947 0.633994782 4.629203295 0.828255698 0.710751459 0.139997596 1.386161013 1.601039373 0.261638956 1.428825491 0.446423404 1.028703927 0.928779657 1.079364260 0.940542611
1.585570941 1.068875867 0.971173514 0.640619558 1.932310408 0.642834229 2.486785858 0.846225800 0.603865615 1.966262040 2.874910979 0.640640688 0.548006240 0.234665464 1.446135278 0.502304329 1.078328420 2.044556366 0.574729328 1.863987391 1.987169475 1.508599828 0.460690996 3.313635781 0.550329024 2.578261214 1.620949532 1.003253442 1.093084067 1.044084056 0.926460934 0.215849383
1.427133975 0.504943430 1.094013561 1.851014298 1.638388555 1.926838005 1.976311778 0.803200038 0.851282612 1.265441915 0.493429556 2.316367325 1.877093715 0.142963610 1.921738845 2.108617406 1.158796613 1.192979989 1.248005624 3.550203760 1.984816400 1.008402297 1.693205065 0.470629432 0.948784279 0.824175454 1.203077528 1.830296200 0.911687628 1.005377267 0.900766413 0.516962015
0.613174435 1.546564433 0.869289657 0.968758461 1.041611439 1.555846742 2.260489747 0.935879960 1.557539694 1.026410650 2.055350773 0.248166602 1.617667707 1.702936596 1.691535449 0.520220743 1.242782280 2.910773463 1.864674323 2.974239692 0.519657953 1.427189508 0.421525238 1.403325503 1.032454121 2.199435258 1.539151816 1.376315468 0.906212700 0.913240284 0.808998439 0.633534057
1.849332006 1.534196367 1.843926393 1.073076491 1.149679033 1.912862508 1.127252289 0.805399917 1.344236905 1.502093350 2.210565080 0.304831898 0.638361697 0.679012984 1.767391624 1.524510380 0.558594700 0.512980337 1.753480045 2.783172913 1.517437131 1.804470860 0.155796570 2.013059781 1.767662334 0.121999640 1.443631359 1.982546880 1.013919942 1.047611930 0.790179926 0.324627372
0.879108474 0.527858984 1.951661997 0.955428113 0.994567953 0.966383321 3.136326904 0.818204438 1.889270249 0.700270787 0.027070780 1.177496800 1.979852229 1.791037239 0.898030444 2.490065962 1.260685166 1.942117003 1.022839928 5.584254561 1.104420270 1.586236863 0.165949030 3.468762788 1.730799325 0.549428047 1.663084870 0.540040398 0.910331098 1.089681327 1.013756583 0.035420689
0.608557494 0.758102138 1.285982962 0.682793560 0.522493962 1.541334749 1.918239338 1.063873139 0.768830124 1.382510742 0.721552550 2.278209814 1.934075077 0.044336440 0.819927994 0.541751660 1.255809347 1.519895369 1.715552822 7.479903568 1.202560163 1.832865197 0.098932372 1.744145911 0.820635897 1.274616101 1.008825243 1.866698614 1.094189248 1.059697284 1.110492207 0.788561414
1.677493341 1.800481842 1.492038631 1.962615311 1.116407377 1.163904906 0.730362033 1.096692312 0.637325652 1.849585369 0.408317620 0.018916614 1.932414905 1.654593517 1.004629963 0.696942892 0.768044926 1.777869319 0.782926525 4.269395544 1.371809075 0.508341077 1.844531971 2.045004025 1.628547172 1.022726080 0.644223459 1.277623263 1.049179060 1.034884842 1.090335728 0.146901168
0.511943127 1.981410875 0.944408905 0.878015593 1.826781428 0.658183990 3.084595627 0.764829596 0.701419453 1.840181779 0.349158362 2.191317808 0.757069289 1.138077525 1.971995075 1.729634907 0.833813022 0.527749182 0.764251273 9.313443414 0.671348656 1.500771090 1.077099547 3.679415977 1.414954648 1.539499461 0.769590839 0.482989648 1.014090148 1.051897367 1.108679552 0.981734480
1.960362534 0.713441565 0.795383378 1.373994701 1.527713003 0.566419065 0.280059453 1.046345934 1.349324646 1.347212168 0.363397717 2.376095246 0.543812546 0.093023583 1.817846795 2.328064515 0.652401562 2.680554211 1.865312352 9.265726435 1.121645092 0.862673662 0.142917126 3.063365053 0.635749300 1.855203029 1.719934952 0.056253396 0.986967857 0.957288900 0.815095402 0.334545950
0.532426976 1.962313853 0.596144660 0.663213996 1.884924934 1.939204357 1.322188066 0.863202495 1.952734108 0.768158070 2.485852595 1.117426609 1.700238650 0.689182139 0.747014797 1.226071903 0.937690228 0.612693278 1.117901032 5.255916227 1.844454423 1.234410472 1.994111367 4.862647477 1.362057970 0.401072796 1.558791758 0.504696067 1.099395068 0.944905178 0.698932279 0.410206904
1.308463832 0.543333189 1.972954923 1.351110956 0.936189759 0.878816695 2.916620052 0.831634922 0.943569654 0.751040807 2.108422141 1.670260616 0.508314694 1.592081652 0.629268845 2.186704027 1.330968986 1.561112556 1.936220397 0.224542926 1.911213102 1.269118649 0.582009133 0.431062843 0.702399597 2.542247491 0.611095766 1.786347008 0.953013223 0.900634441 0.985664382 0.811921819
